365 64 81 49 4294965782 4294967009 4294965263 4294966111 8362 473 687 4294966943 6271 614 2427 803 
4294964620 4294967123 4294966908 4294967141 4294967113 224 315 4294967245 4294964998 555 1131 33 3795 278 1443 515 
4294964091 180 626 82 2832 195 1521 736 4294963449 4294967098 4294967140 131 4294965982 4294967158 4294966878 4294967171 
4294967099 158 456 113 1076 4294967229 99 72 1293 4294967118 4294966999 4294967255 4294967096 6 0 0 
104 4294967288 4294967286 3 4294967210 4294967271 4294967128 4294967193 803 48 88 4294967267 711 63 261 83 
4294966825 27 96 17 332 7 73 18 160 12 52 0 311 16 94 28 
4294967096 35 118 28 268 4294967274 4294967254 4294967264 560 10 45 4294967284 454 31 149 45 
4294966914 62 214 53 661 4294967266 85 50 892 4294967168 4294967068 4294967259 4294967142 8 1 0 
133 4294967280 4294967267 0 4294967209 4294967278 4294967184 4294967234 496 24 52 4294967288 341 20 84 18 
4294966940 84 287 78 898 4294967241 107 83 1722 4294967024 4294966769 4294967220 4294966572 4294967285 4294967157 4294967252 
844 4294967181 4294966986 4294967241 4294966455 4294967266 4294966934 4294967109 1112 41 4 4294967242 465 58 193 64 
117 4294967218 4294967086 4294967246 4294966870 25 4294967263 4294967272 4294966880 50 73 9 24 4294967294 4294967293 1 
4294967270 4294967294 4294967293 4294967293 170 36 296 196 4294965708 4294967201 4294967148 94 4294965511 4294967099 4294966438 4294966979 
999 118 303 110 350 4294967145 4294967090 38 2126 4294966838 4294966335 4294967290 4294963317 4294966934 4294965363 4294966533 
4822 4294967140 4294966623 4294967254 4294962275 4294966723 4294963243 4294965142 14130 675 793 4294966764 7847 775 2877 929 
4294965272 4294966920 4294966383 4294967035 4294965970 223 119 4294967204 4294964687 417 710 44 1169 42 88 4294967261 
323 20 4294967244 10 4294965515 4294967026 4294965197 4294966047 9088 484 645 4294966867 7058 738 2950 1017 
4294964666 4294966884 4294966256 4294966967 4294965812 353 324 4294967173 4294962572 888 1728 58 5438 429 2188 799 
4294962227 210 746 68 4038 385 2628 1293 4294959544 4294966960 4294966963 238 4294964315 4294967018 4294966372 4294967024 
310 140 345 85 602 4294967248 32 35 633 4294967217 4294967178 4294967281 4294967254 4 8 4294967295 
49 1 1 5 4294967067 4294967248 4294966918 4294967055 1893 110 173 4294967202 1818 187 782 272 
4294966322 4294967245 4294967204 4294967255 171 72 177 16 4294966907 118 241 4294967267 1407 139 664 245 
4294966105 2 67 4294967288 788 95 532 231 4294966116 4294967254 4294967263 7 68 24 155 70 
4294967024 4294967271 4294967238 4294967275 4294967293 32 64 3 4294967037 53 99 4294967294 327 21 58 0 
95 8 4294967294 9 4294966648 4294967174 4294966348 4294966704 4577 263 409 4294967077 4229 433 1813 632 
4294964897 4294967207 4294967203 4294967236 882 149 526 109 70 111 252 4294967160 3437 407 1961 773 
4294963882 4294967187 4294967243 4294967204 2768 462 2748 1395 4294958322 4294966859 4294966685 236 4294963111 4294966952 4294966069 4294966945 
1425 4294967253 4294967096 4294967257 4294966562 5 4294967181 4294967253 4294966660 78 130 18 116 2 20 2 
2 4 4294967295 4 4294966943 4294967222 4294966680 4294966884 3422 210 361 4294967113 3925 408 1791 641 
4294964308 34 367 67 2740 82 931 340 4079 4294966797 4294966331 4294966867 3804 692 3226 1366 
4294963146 4294966653 4294966031 4294966868 3436 1072 5905 3143 4294945315 4294966131 4294965326 563 4294954144 4294966244 4294963187 4294966077 
7392 4294966633 4294964985 4294966765 4294959927 191 4294966138 4294966754 4294958914 1091 1860 331 571 4294967188 4294967131 4294967282 
4294966370 43 4294967292 4294967229 875 324 1984 1187 4294957851 4294966732 4294966149 266 4294958995 4294966638 4294964453 4294966424 
7539 4294966250 4294963607 4294966350 4294954720 494 4294965240 4294966122 4294946218 3096 5882 1120 2816 4294966747 4294965535 4294966452 
4294964018 1468 3488 776 3735 4294966708 4294965670 4294966467 6936 413 1081 31 3990 149 698 124 
4294963583 771 2229 518 5194 4294967045 502 302 5071 4294966646 4294966268 4294967163 4294966619 11 4294967288 6 
137 4294967280 0 3 196 20 195 123 4294966338 4294967239 4294967188 37 4294966268 4294967210 4294966911 4294967178 
1322 4294967047 4294966352 4294967026 4294963692 190 4294966706 4294966892 4294959049 1315 2648 475 2449 4294967152 4294967039 4294967108 
4294964141 839 2159 466 3707 4294967088 74 35 1046 109 580 155 1221 4294967232 4294967217 4294967195 
4294964386 808 2380 582 5801 4294966974 564 385 6947 4294966348 4294965712 4294967085 4294966057 18 4294967282 19 
305 4294967251 4294967291 13 580 30 411 247 4294965727 4294967222 4294967295 122 4294966198 4294967132 4294966681 4294967062 
4294966960 331 957 253 2160 4294967118 113 152 3102 4294966816 4294966463 4294967236 4294965664 4294967187 4294966718 4294967083 
1161 0 4294967286 32 4294966675 4294967166 4294966611 4294966960 2210 109 200 4294967264 1056 59 227 48 
4294966521 160 497 122 1296 4294967228 132 86 1558 4294967084 4294966944 4294967251 4294967018 3 2 10 
5 4294967286 0 4294967294 287 46 375 234 4294965516 4294967193 4294967129 88 4294965495 4294967120 4294966537 4294967039 
1433 4294967178 4294966765 4294967155 4294964768 73 4294966771 4294967021 4294961476 844 1735 416 28 4294966978 4294966072 4294966741 
4294966619 721 1768 451 1197 4294966791 4294965346 4294966266 7913 444 1021 4294967209 5194 291 1262 306 
4294962714 879 2739 666 7423 4294966941 846 510 9410 4294966026 4294965116 4294966973 4294965699 36 4294967204 4294967259 
1016 4294967229 4294967257 47 4294967021 4294967117 4294966381 4294966773 4209 254 615 4294967231 3751 227 1055 274 
4294962889 909 3033 790 9478 4294966814 1267 817 16468 4294964884 4294962723 4294966496 4294963911 259 578 332 
3596 4294966292 4294964855 4294966778 4294963870 267 290 145 4294965323 4294967161 4294966786 4294967212 4294965968 6 4294967221 28 
1831 4294966838 4294966006 4294966997 4294964431 149 4294967044 4294967135 4294964562 351 549 68 372 4294967290 4294967292 4294967287 
4294967267 9 0 0 4294967126 4294967274 4294967123 4294967197 685 36 58 4294967272 505 39 156 41 
4294966861 92 337 96 1197 4294967223 156 120 2691 4294966868 4294966439 4294967165 4294966097 4294967280 4294967052 4294967212 
1576 4294967082 4294966705 4294967193 4294965495 4294967208 4294966349 4294966777 3261 155 124 4294967132 2004 225 834 280 
4294966948 4294967123 4294966859 4294967180 4294966601 85 15 4294967252 4294966389 147 238 12 354 8 4294967275 4294967256 
285 12 4294967287 17 4294966362 4294967130 4294966084 4294966575 5263 292 437 4294967058 4368 431 1762 592 
4294965042 4294967259 51 4294967276 1170 97 439 88 1120 4294967292 13 4294967135 2762 346 1599 617 
4294964903 4294967184 4294967186 4294967207 1996 342 1960 969 4294961341 4294967011 4294966914 150 4294964821 4294967101 4294966633 4294967118 
646 4294967283 4294967236 4294967288 4294967121 0 4294967282 4294967294 4294967268 2 0 4294967291 59 5 4294967293 4294967281 
158 3 4294967291 12 4294966702 4294967176 4294966379 4294966718 4489 265 429 4294967068 4521 460 1966 687 
4294964463 4294967267 108 4294967275 1652 148 666 133 1291 80 236 4294967055 5389 651 3195 1277 
4294961622 4294967154 60 4294967153 5839 898 5686 2976 4294948166 4294966314 4294965972 625 4294956860 4294966355 4294963819 4294966229 
3511 135 212 102 4294966943 4294967142 4294967020 8 894 4294967063 4294966861 4294967280 4294966365 4294967272 2 72 

4294966735 77 4294967179 4294967227 4294965398 4294967252 4294966324 4294966749 2901 56 4294966849 4294966958 351 297 854 421 
6073 4294965250 4294960722 4294965517 4294947928 1187 4294964941 4294965508 4294931206 5527 10543 1643 11163 4294967103 393 4294967143 
4294955926 2354 5883 1184 10194 4294966942 849 352 387 239 1237 330 2350 4294967195 4294967253 4294967164 
4294962203 1266 3555 824 7913 4294966904 731 446 7416 4294966373 4294965876 4294967118 4294966447 16 4294967295 7 
137 4294967290 23 9 80 4294967294 0 4294967295 4294967249 4294967283 4294967205 4294967266 4294966907 12 4294967279 31 
2029 4294966678 4294965132 4294966675 4294959892 452 4294966240 4294966496 4294950556 2653 5273 877 5650 4294967141 9 4294967119 
4294960485 1535 3930 822 6974 4294967004 433 174 799 232 1098 279 2288 4294967214 4294967286 4294967171 
4294962061 1335 3871 928 9224 4294966822 920 585 10194 4294965966 4294965141 4294967010 4294965831 28 4294967293 16 
318 4294967282 98 44 595 4294967272 92 46 4294967245 32 184 57 315 4294967271 4294967255 4294967261 
4294966450 206 519 101 698 4294967280 4294967284 4294967251 4294965687 355 878 171 1280 4294967260 22 4294967256 
4294965182 493 1332 289 2627 4294967195 237 107 112 79 438 126 856 4294967249 4294967252 4294967230 
4294965029 590 1709 408 4027 4294967090 391 246 4203 4294966761 4294966454 4294967188 4294966775 10 0 4 
93 4294967294 18 7 10 4294967285 4294967211 4294967238 438 18 4294967265 4294967241 226 74 262 132 
1561 4294966671 4294965110 4294966651 4294959805 508 4294966280 4294966446 4294948733 3029 6135 986 7792 4294967240 671 48 
4294957311 1963 5206 1075 10864 4294967100 1968 973 4294963613 107 1349 599 859 4294966907 4294966310 4294966778 
4294959233 2408 7077 1751 17379 4294966329 1736 1192 21682 4294964361 4294962393 4294966642 4294963517 52 4294967248 49 
795 4294967244 277 126 2340 4294967292 908 521 4294964593 4294967290 632 391 4294967059 4294966953 4294966262 4294966782 
4294960829 2199 6881 1827 19204 4294966118 2161 1651 33151 4294962333 4294958032 4294965927 4294957156 49 4294966482 4294967219 
9737 4294965556 4294963005 4294966477 4294959472 108 4294965984 4294966693 2356 4294967244 4294966674 4294967033 4294967042 147 348 164 
2313 4294966669 4294965618 4294966919 4294963899 166 4294967015 4294967128 4294964602 315 453 52 222 4294967292 4294967292 4294967295 
4294967279 4294967293 4294967284 4294967293 59 13 118 77 4294966699 4294967264 4294967265 39 4294966757 4294967228 4294967021 4294967193 
55 100 280 76 542 4294967239 4294967283 24 600 4294967220 4294967212 27 4294966839 4294967223 4294966977 4294967162 
114 139 374 103 385 4294967180 4294966914 4294967101 1621 100 284 15 1132 34 185 22 
4294965757 371 1143 285 3016 4294967136 323 212 3922 4294966763 4294966393 4294967171 4294966592 8 4294967264 4294967292 
260 4294967281 24 21 205 4294967272 4294967278 4294967291 132 21 111 33 195 4294967272 4294967225 4294967248 
4294966692 203 573 134 1174 4294967226 34 21 598 4294967295 128 48 235 4294967255 4294967159 4294967211 
4294966574 278 760 177 1327 4294967180 4294967120 4294967187 1394 120 413 53 1404 31 224 27 
4294965132 492 1472 356 3686 4294967115 391 238 4090 4294966767 4294966445 4294967182 4294966761 11 4294967284 4294967292 
181 4294967291 14 11 4294967199 4294967263 4294967075 4294967165 883 40 4294967289 4294967223 377 85 277 130 
1956 4294966571 4294964696 4294966516 4294957955 616 4294965889 4294966152 4294943309 4010 8215 1361 10081 4294967116 413 4294967125 
4294954226 2919 7753 1649 15282 4294966747 1493 657 834 475 2648 760 5679 4294967039 4294967200 4294966924 
4294951325 4217 12709 3168 32749 4294965543 3564 2361 42454 4294961466 4294957400 4294965908 4294959991 178 81 140 
2088 4294967114 405 254 4025 4294967118 698 352 502 328 2024 629 5343 4294967052 4294967239 4294966877 
4294947370 5644 18249 4881 54267 4294964163 6866 4951 97729 4294952475 4294939173 4294962831 4294939500 723 4294967222 763 
28204 4294961118 4294952011 4294964202 4294942013 1065 4294965999 4294966821 4294963640 4294966577 4294964030 4294966530 4294960397 170 4294967121 248 
12849 4294964176 4294958537 4294965272 4294947833 959 4294965498 4294966205 4294949189 2257 3473 438 2088 4294967257 8 4294967281 
4294966923 21 4294967250 4294967274 4294967104 7 4294967295 0 133 28 189 58 894 4294967282 89 4294967253 
4294963020 1277 4480 1284 15365 4294966365 2202 1657 34461 4294961836 4294956457 4294965484 4294955893 346 103 408 
13538 4294964177 4294959327 4294965623 4294953377 634 4294966638 4294967050 4294964779 4294966827 4294965115 4294966768 4294962451 136 4294967219 217 
10302 4294964675 4294959680 4294965468 4294949093 943 4294965487 4294966137 4294947035 2667 4348 580 3038 4294967238 15 4294967261 
4294966562 58 4294967175 4294967225 4294966107 22 4294966927 4294967080 1026 3 4294967035 4294967128 373 162 549 241 
1373 4294966743 4294965789 4294966939 4294964473 190 4294967222 4294967209 4294966220 58 4294967115 4294967152 425 182 723 331 
779 4294966756 4294965888 4294966948 4294965555 301 850 443 4294963541 4294967035 4294966556 4294967247 4294964641 4294967218 4294966877 4294967244 
3192 4294966575 4294965174 4294966790 4294962182 256 4294966792 4294966982 4294961913 695 1105 141 754 4294967286 0 4294967280 
4294967250 13 4294967280 0 4294966789 4294967214 4294966632 4294966875 3332 205 388 4294967147 3780 344 1547 511 
4294963157 574 2232 613 9032 4294966935 1684 990 19922 4294964312 4294961306 4294966033 4294965107 773 2825 1365 
3683 4294965130 4294962018 4294966021 4294962844 1276 4732 2558 4294947463 4294966050 4294964399 181 4294953396 4294966506 4294963857 4294966440 
12492 4294965049 4294960398 4294965648 4294949001 808 4294965148 4294966068 4294945786 2818 4716 702 2941 4294967194 62 48 
4294965522 63 4294967167 4294967151 387 427 2222 1304 4294956874 4294966624 4294965752 199 4294957809 4294966655 4294964420 4294966490 
10034 4294965530 4294961439 4294965811 4294949118 806 4294964714 4294965767 4294938281 4103 7616 1381 4071 4294966721 4294965572 4294966456 
4294962969 1571 3651 789 3805 4294966756 4294965878 4294966586 5603 360 917 36 3024 98 454 64 
4294964713 538 1493 335 3197 4294967144 276 164 2688 4294966966 4294966797 4294967238 4294966970 3 2 10 
4294967275 4294967291 4 4294967294 247 41 306 181 4294965974 4294967222 4294967176 51 4294966238 4294967203 4294966922 4294967182 
675 4294967229 4294967041 4294967232 4294966374 33 4294967159 4294967221 4294965792 211 398 63 453 9 138 64 
4294966562 52 153 11 908 116 857 484 4294963920 4294967117 4294967038 132 4294964930 4294967075 4294966430 4294967020 
1084 4294967290 4294967203 4294967284 4294966687 4294967278 4294967146 4294967256 4294966737 46 78 30 4294967156 4294967283 18 35 
4294966973 4294967288 0 4294967275 798 156 1099 649 4294962562 4294967032 4294966889 201 4294963484 4294966931 4294965812 4294966805 
1944 10 4294967208 8 4294966341 4294967221 4294966970 4294967241 4294966692 4294967251 4294967176 94 4294965210 4294967062 4294966211 4294966890 
1760 24 4294967243 29 4294965860 4294967102 4294966143 4294966741 3253 145 165 4294967212 1145 93 296 78 
4294967155 4294967276 4294967250 4294967285 4294967211 4 4294967284 4294967290 4294967220 6 6 3 4294967263 4294967294 4 8 
4294967226 4294967294 1 4294967291 240 45 334 201 4294965815 4294967213 4294967169 67 4294966042 4294967176 4294966804 4294967135 
693 4294967274 4294967160 4294967264 4294966505 11 4294967122 4294967216 4294965386 271 583 142 187 4294967211 4294967035 4294967179 
4294966402 293 787 184 1465 4294967214 114 84 4294967081 23 264 122 101 4294967191 4294966981 4294967136 
4294965428 642 1953 503 5106 4294966985 517 387 7464 4294966234 4294965444 4294967042 4294965669 18 4294967258 22 
445 4294967240 40 38 1091 25 618 369 4294965195 4294967233 239 244 4294966550 4294967039 4294966462 4294966914 
4294963491 1449 4687 1289 13931 4294966390 1645 1323 27351 4294963016 4294959030 4294966029 4294957695 78 4294966579 4294967263 
9971 4294965357 4294962341 4294966303 4294957920 225 4294966016 4294966712 1122 4294967190 4294966332 4294966959 4294965867 152 235 176 
4589 4294966084 4294963849 4294966485 4294959432 404 4294966558 4294966832 4294959427 1007 1584 205 999 4294967275 1 4294967289 
4294967062 17 4294967287 4294967285 4294967257 20 109 69 4294966778 4294967272 10 46 4294967123 4294967240 4294967121 4294967207 
4294965763 564 2000 588 7003 4294966840 994 793 16908 4294964552 4294961766 4294966374 4294961059 157 4294967216 169 
7492 4294965583 4294962842 4294966351 4294959207 364 4294966869 4294967137 4294965560 4294967039 4294966012 4294966989 4294964125 64 4294967147 99 
6672 4294965602 4294962289 4294966080 4294954940 646 4294966026 4294966477 4294952805 1944 3226 443 2302 4294967245 7 4294967270 
4294966579 69 4294967264 4294967248 4294966578 45 4294967210 4294967246 4294967151 4294967253 4294966997 4294967192 4294966782 66 165 113 
1951 4294966696 4294965519 4294966855 4294963060 254 4294966947 4294967036 4294962680 614 942 69 1269 100 519 218 
4294966892 4294967096 4294966729 4294967128 4294966824 217 814 427 4294963909 4294967088 4294966762 0 4294964995 4294967199 4294966844 4294967212 
2500 4294966752 4294965650 4294966897 4294963133 211 4294966867 4294967026 4294962581 624 1018 133 738 4294967286 4 4294967280 
4294967227 20 4294967290 2 4294966697 4294967198 4294966472 4294966763 4263 261 466 4294967080 4957 484 2168 749 
4294962462 476 2015 542 9101 4294967028 1945 1039 20058 4294964337 4294961304 4294965877 313 1152 4655 2142 
821 4294964819 4294961388 4294965768 4294965258 1997 8766 4737 4294931764 4294965254 4294963038 619 4294943430 4294965697 4294960631 4294965469 
18405 4294964473 4294958341 4294965160 4294942188 1016 4294964094 4294965550 4294937155 3975 6746 1061 3843 4294967094 4294967294 76 
4294964146 143 4294967266 4294967087 1942 856 4971 2949 4294943982 4294965881 4294964326 628 4294946427 4294965699 4294960317 4294965192 
19474 4294964413 4294957362 4294964784 4294934491 1301 4294962181 4294964421 4294914049 7556 14170 2751 5204 4294965849 4294962424 4294965059 
4294961224 3275 7580 1714 6345 4294965835 4294962533 4294964905 18051 1025 2369 4294967238 9328 421 1757 349 
4294960307 1348 3849 877 8692 4294966886 804 475 7864 4294966304 4294965756 4294967106 4294966247 11 4294967291 25 
22 4294967271 5 4294967289 792 132 1027 628 4294962561 4294967024 4294966852 206 4294963038 4294966898 4294965643 4294966759 
2974 4294967061 4294966310 4294967045 4294963165 115 4294966516 4294966896 4294959814 1077 2101 424 1046 4294967114 4294966870 4294967120 
4294965075 544 1371 264 3225 93 1621 989 4294960483 4294966940 4294966936 398 4294961648 4294966670 4294964836 4294966454 
2040 312 671 194 286 4294967105 4294966982 4294967294 679 4294967116 4294967011 41 4294966235 4294967235 4294967278 109 
4294966239 4294967259 17 4294967222 3385 650 4735 2858 4294945972 4294966088 4294965414 960 4294948864 4294965482 4294959795 4294964755 
10191 97 4294966891 50 4294961878 4294966860 4294965265 4294966861 4294963396 4294967199 4294966916 630 4294954640 4294965773 4294960132 4294964526 
11851 319 4294967266 279 4294957120 4294965766 4294958120 4294962728 28139 1326 1657 4294966524 11735 992 3363 950 
4294964918 4294967092 4294966822 4294967153 4294966448 107 4294967238 4294967209 4294965586 233 385 67 37 4294967270 4294967289 42 
4294966712 4294967285 8 4294967248 2185 455 3502 2229 4294949854 4294966263 4294965646 910 4294949585 4294965459 4294959460 4294964526 
10302 478 843 457 4294965233 4294966406 4294965249 4294967255 6641 4294965120 4294962551 295 4294941650 4294964833 4294954604 4294962367 
28497 4294966517 4294963508 4294967090 4294937610 4294964046 4294944454 4294955392 74606 3610 3964 4294964519 38127 3792 13627 4348 
4294960871 4294964822 4294960622 4294965444 4294953655 1404 4294966764 4294966202 4294944281 3559 6188 693 6991 32 57 4294967003 
261 305 76 47 4294959962 4294966358 4294959703 4294962893 29717 1533 1475 4294965735 19752 2307 8664 3063 
252 4294963905 4294956932 4294964341 4294939796 2342 4294965004 4294964661 4294910327 9353 18048 2374 27042 579 4948 1361 
4294941957 3787 10006 1883 22649 94 5751 2701 4294956492 4294967013 1203 839 4294966653 4294966749 4294966018 4294966752 
4294959698 2219 6288 1485 14278 4294966542 1326 848 14453 4294965426 4294964331 4294966906 4294965412 44 4294967292 10 
568 4294967251 4294967285 23 4294967181 4294967217 4294966818 4294967004 2226 125 162 4294967185 1533 183 676 253 
1023 4294966667 4294965060 4294966620 4294959437 559 4294966221 4294966378 4294947424 3286 6654 1099 7782 4294967121 177 4294967117 
4294958415 2052 5356 1143 9666 4294966820 318 82 3289 306 1508 314 4346 4294967280 416 4294967260 
4294959375 1963 5841 1419 14569 4294966534 1509 970 17194 4294964970 4294963409 4294966755 4294964497 67 4294967286 30 
995 4294967185 4294967258 42 691 4294967242 74 55 187 36 320 130 394 4294967190 4294966975 4294967111 
4294965017 788 2388 615 6011 4294966903 519 434 8416 4294966053 4294965117 4294967063 4294964040 4294967140 4294966331 4294966938 
2596 4294967203 4294967061 22 4294965634 4294967021 4294965693 4294966477 5509 271 461 4294967179 2893 199 756 194 
4294965512 291 936 229 2567 4294967171 280 173 3068 4294966878 4294966597 4294967204 4294966726 5 4294967291 18 
3 4294967273 4294967292 4294967287 789 141 1158 747 4294961378 4294966941 4294966712 318 4294960793 4294966628 4294964375 4294966264 
4924 4294967147 4294966354 4294967085 4294961477 4294967266 4294965667 4294966642 4294956281 1413 2835 979 4294961728 4294966019 4294961567 4294964846 
5563 1491 3190 992 4294962601 4294965252 4294956586 4294961598 40154 2113 3689 4294966286 24376 1892 7456 2178 
4294953247 1453 4904 1125 14987 4294966848 2167 1034 17062 4294965108 4294963571 4294966650 4294965773 162 38 4294967201 
2425 4294967205 4294967216 131 4294964418 4294966530 4294962413 4294964423 21885 1251 2303 4294966565 18153 1536 6451 2028 
4294953806 1407 5135 1251 18351 4294966766 3214 1598 28181 4294963441 4294960096 4294965719 352 1111 4157 1772 
515 4294965528 4294963348 4294966346 4294965848 1048 4113 2033 4294953014 4294966556 4294965808 150 4294960638 4294966930 4294965890 4294966979 
4014 4294966607 4294965300 4294966844 4294962711 210 4294966865 4294967046 4294963168 523 816 100 574 4294967291 5 4294967282 
0 15 0 5 4294966792 4294967210 4294966628 4294966887 3082 176 282 4294967160 2733 259 1073 352 
4294965525 101 465 113 2112 4294967258 436 205 3654 4294966784 4294966298 4294967077 4294967101 125 374 149 
814 4294967022 4294966623 4294967160 4294965930 4294967286 4294966715 4294966922 2615 138 124 4294967124 2344 269 1057 366 
4294966490 4294967140 4294966945 4294967198 4294967033 90 125 4294967290 4294966843 97 155 4294967283 486 27 20 4294967256 
407 15 4294967289 28 4294965954 4294967040 4294965433 4294966175 8344 470 730 4294966927 7076 693 2853 963 
4294963449 4294967257 144 4294967277 1976 161 745 161 1290 42 155 4294967082 4425 525 2463 947 
4294963184 4294967203 52 4294967214 3463 500 3018 1495 4294958139 4294966870 4294966781 253 4294963588 4294966977 4294966224 4294966990 
625 101 259 72 534 4294967248 42 44 849 4294967181 4294967108 4294967268 4294967224 7 4 4294967288 
145 1 0 12 4294966800 4294967191 4294966488 4294966783 4001 234 364 4294967088 3915 411 1732 615 
4294965395 4294967077 4294966694 4294967074 4294966165 287 190 4294967119 4294961690 1131 2386 195 6662 425 2424 873 
4294959548 705 2194 366 8215 448 4204 2151 4294954855 4294966796 4294967203 614 4294962343 4294966629 4294965098 4294966522 
4294964729 1345 3942 1013 9684 4294966675 912 717 13577 4294965378 4294964011 4294966860 4294964491 32 4294967271 56 

